0       0.012217
1       0.012217
2       0.012217
3       0.012217
4       0.012217
5       0.012217
6       0.012217
7       0.012217
8       0.012217
9       0.012217
10       0.012217
11       0.012217
12       0.012217
13       0.012217
14       0.012217
15       0.012217
16       0.012217
17       0.012217
18       0.012217
19       0.012217
20       0.012217
21       0.012217
22       0.012217
23       0.012217
24       0.012217
25       0.012217
26       0.012217
27       0.012217
28       0.012217
29       0.012217
30       0.012217
31       0.012217
32       0.012217
33       0.012217
34       0.012217
35       0.012217
36       0.012217
37       0.012217
38       0.012217
39       0.012217
40       0.012217
41       0.012217
42       0.012217
43       0.012217
44       0.012217
45       0.012217
46       0.012217
47       0.012217
48       0.012217
49       0.012217
50       0.012217
51       0.012217
52       0.012217
53       0.012217
54       0.012217
55       0.012217
56       0.012217
57       0.012217
58       0.012217
59       0.012217
60       0.012217
61       0.012217
62       0.012217
63       0.012217
64       0.012217
65       0.012217
66       0.012217
67       0.012217
68       0.012217
69       0.012217
70       0.012217
71       0.012217
72       0.012217
73       0.012217
74       0.012217
75       0.012217
76       0.012217
77       0.012217
78       0.012217
79       0.012217
80       0.012217
81       0.012217
82       0.012217
83       0.012217
84       0.012217
85       0.012217
86       nan
87       nan
88       nan
89       nan
90       nan
91       nan
92       nan
93       nan
94       nan
95       nan
96       nan
97       nan
98       nan
99       nan
100       nan
101       nan
102       nan
103       nan
104       nan
105       nan
106       nan
107       nan
108       nan
109       nan
110       nan
111       nan
112       nan
113       nan
114       nan
115       nan
116       nan
117       nan
118       nan
119       nan
120       nan
121       nan
122       nan
123       nan
124       nan
125       nan
126       nan
127       nan
128       nan
