0    0.015708
1    0.015709
2    0.015709
3    0.015709
4    0.015709
5    0.015709
6    0.015709
7    0.015709
8    0.015709
9    0.015709
10    0.015709
11    0.015709
12    0.015709
13    0.015709
14    0.015709
15    0.015709
16    0.015709
17    0.015709
18    0.015709
19    0.015709
20    0.015709
21    0.015709
22    0.015709
23    0.015709
24    0.015709
25    0.015709
26    0.015709
27    0.015709
28    0.015709
29    0.015709
30    0.015709
31    0.015709
32    0.015709
33    0.015709
34    0.015709
35    0.015709
36    0.015709
37    0.015709
38    0.015709
39    0.015709
40    0.015709
41    0.015709
42    0.015709
43    0.015709
44    0.015709
45    0.015709
46    0.015709
47    0.015709
48    0.015709
49    0.015709
50    0.015709
51    0.015709
52    0.015709
53    0.015709
54    0.015709
55    0.015709
56    0.015709
57    0.015709
58    0.015709
59    0.015709
60    0.015709
61    0.015709
62    0.015709
63    0.015709
64    0.015709
65    0.015709
66    0.015709
67    0.015709
68    0.015709
69    0.015709
70    0.015709
71    0.015709
72    0.015709
73    0.015709
74    0.015709
75    0.015709
76    0.015709
77    0.015709
78    0.015709
79    0.015709
80    0.015709
81    0.015709
82    0.015709
83    0.015709
84    0.015709
85    0.015709
86    0.015709
87    0.015709
88    0.015709
89    0.015709
90    0.015709
91    0.015709
92    0.015709
93    0.015709
94    0.015709
95    0.015709
96    0.015709
97    0.015709
98    0.015709
99    0.015709
100    0.015709
101    0.015709
102    0.015709
103    0.015709
104    0.015709
105    0.015709
106    0.015709
107    0.015709
108    0.015709
109    0.015709
110    0.015709
111    0.015709
112    0.015709
113    0.015709
114    0.015709
115    0.015709
116    0.015709
117    0.015709
118    0.015709
119    0.015709
120    0.015709
121    0.015709
122    0.015709
123    0.015709
124    0.015709
125    0.015709
126    0.015709
127    0.015709
