0    0.075682
1    0.075756
2    0.075757
3    0.075758
4    0.075758
5    0.075758
6    0.075758
7    0.075758
8    0.075758
9    0.075758
10    0.075758
11    0.075758
12    0.075758
13    0.075758
14    0.075758
15    0.075758
16    0.075758
17    0.075758
18    0.075758
19    0.075758
20    0.075758
21    0.075758
22    0.075758
23    0.075758
24    0.075758
25    0.075758
26    0.075758
27    0.075758
28    0.075758
29    0.075758
30    0.075758
31    0.075758
32    0.075758
33    0.075758
34    0.075758
35    0.075758
36    0.075758
37    0.075758
38    0.075758
39    0.075758
40    0.075758
41    0.075758
42    0.075758
43    0.075758
44    0.075758
45    0.075758
46    0.075758
47    0.075758
48    0.075758
49    0.075758
50    0.075758
51    0.075758
52    0.075758
53    0.075758
54    0.075758
55    0.075758
56    0.075758
57    0.075758
58    0.075758
59    0.075758
60    0.075758
61    0.075758
62    0.075758
63    0.075758
64    0.075758
65    0.075758
66    0.075758
67    0.075758
68    0.075758
69    0.075758
70    0.075758
71    0.075758
72    0.075758
73    0.075758
74    0.075758
75    0.075758
76    0.075758
77    0.075758
78    0.075758
79    0.075758
80    0.075758
81    0.075758
82    0.075758
83    0.075758
84    0.075758
85    0.075758
86    0.075758
87    0.075758
88    0.075758
89    0.075758
90    0.075758
91    0.075758
92    0.075758
93    0.075758
94    0.075758
95    0.075758
96    0.075758
97    0.075758
98    0.075758
99    0.075758
100    0.075758
101    0.075758
102    0.075758
103    0.075758
104    0.075758
105    0.075758
106    0.075758
107    0.075758
108    0.075758
109    0.075758
110    0.075758
111    0.075758
112    0.075758
113    0.075758
114    0.075758
115    0.075758
116    0.075758
117    0.075758
118    0.075758
119    0.075758
120    0.075758
121    0.075758
122    0.075758
123    0.075758
124    0.075758
125    0.075758
126    0.075758
127    0.075758
