0     1.000000
1     0.253687
2     0.346518
3     0.341899
4     0.342022
5     0.342020
6     0.342020
7     0.342020
8     0.342020
9     0.342020
10     0.342020
11     0.342020
12     0.342020
13     0.342020
14     0.342020
15     0.342020
16     0.342020
17     0.342020
18     0.342020
19     0.342020
20     0.342020
21     0.342020
22     0.342020
23     0.342020
24     0.342020
25     0.342020
26     0.342020
27     0.342020
28     0.342020
29     0.342020
30     0.342020
31     0.342020
32     0.342020
33     0.342020
34     0.342020
35     0.342020
36     0.342020
37     0.342020
38     0.342020
39     0.342020
40     0.342020
41     0.342020
42     0.342020
43     0.342020
44     0.342020
45     0.342020
46     0.342020
47     0.342020
48     0.342020
49     0.342020
50     0.342020
51     0.342020
52     0.342020
53     0.342020
54     0.342020
55     0.342020
56     0.342020
57     0.342020
58     0.342020
59     0.342020
60     0.342020
61     0.342020
62     0.342020
63     0.342020
64     0.342020
65     0.342020
66     0.342020
67     0.342020
68     0.342020
69     0.342020
70     0.342020
71     0.342020
72     0.342020
73     0.342020
74     0.342020
75     0.342020
76     0.342020
77     0.342020
78     0.342020
79     0.342020
80     0.342020
81     0.342020
82     0.342020
83     0.342020
84     0.342020
85     0.342020
86     0.342020
87     0.342020
88     0.342020
89     0.342020
90     0.342020
91     0.342020
92     0.342020
93     0.342020
94     0.342020
95     0.342020
96     0.342020
97     0.342020
98     0.342020
99     0.342020
100     0.342020
101     0.342020
102     0.342020
103     0.342020
104     0.342020
105     0.342020
106     0.342020
107     0.342020
108     0.342020
109     0.342020
110     0.342020
111     0.342020
112     0.342020
113     0.342020
114     0.342020
115     0.342020
116     0.342020
117     0.342020
118     0.342020
119     0.342020
120     0.342020
121     0.342020
122     0.342020
123     0.342020
124     0.342020
125     0.342020
126     0.342020
127     0.342020
128     0.342020
129     0.342020
