0    19391512305
1    19391512154
2    19391512154
3    19391512154
4    19391512154
5    19391512154
6    19391512154
7    19391512154
8    19391512154
9    19391512154
10    19391512154
11    19391512154
12    19391512154
13    19391512154
14    19391512154
15    19391512154
16    19391512154
17    19391512154
18    19391512154
19    19391512154
20    19391512154
21    19391512154
22    19391512154
23    19391512154
24    19391512154
25    19391512154
26    19391512154
27    19391512154
28    19391512154
29    19391512154
30    19391512154
31    19391512154
32    19391512154
33    19391512154
34    19391512154
35    19391512154
36    19391512154
37    19391512154
38    19391512154
39    19391512154
40    19391512154
41    19391512154
42    19391512154
43    19391512154
44    19391512154
45    19391512154
46    19391512154
47    19391512154
48    19391512154
49    19391512154
50    19391512154
51    19391512154
52    19391512154
53    19391512154
54    19391512154
55    19391512154
56    19391512154
57    19391512154
58    19391512154
59    19391512154
60    19391512154
61    19391512154
62    19391512154
63    19391512154
64    19391512154
65    19391512154
66    19391512154
67    19391512154
68    19391512154
69    19391512154
70    19391512154
71    19391512154
72    19391512154
73    19391512154
74    19391512154
75    19391512154
76    19391512154
77    19391512154
78    19391512154
79    19391512154
80    19391512154
81    19391512154
82    19391512154
83    19391512154
84    19391512154
85    19391512154
86    19391512154
87    19391512154
88    19391512154
89    19391512154
90    19391512154
91    19391512154
92    19391512154
93    19391512154
94    19391512154
95    19391512154
96    19391512154
97    19391512154
98    19391512154
99    19391512154
100    19391512154
101    19391512154
102    19391512154
103    19391512154
104    19391512154
105    19391512154
106    19391512154
107    19391512154
108    19391512154
109    19391512154
110    19391512154
111    19391512154
112    19391512154
113    19391512154
114    19391512154
115    19391512154
116    19391512154
117    19391512154
118    19391512154
119    19391512154
120    19391512154
121    19391512154
122    19391512154
123    19391512154
124    19391512154
125    19391512154
126    19391512154
127    19391512154
