1    4.0000
2    8.5000
3    13.0000
4    16.3750
5    18.4000
6    19.4125
7    19.8464
8    20.0092
9    20.0634
10    20.0797
11    20.0841
12    20.0852
13    20.0855
14    20.0855
15    20.0855
16    20.0855
17    20.0855
18    20.0855
19    20.0855
20    20.0855
21    20.0855
22    20.0855
23    20.0855
24    20.0855
25    20.0855
26    20.0855
27    20.0855
28    20.0855
29    20.0855
30    20.0855
31    20.0855
32    20.0855
33    20.0855
34    20.0855
35    20.0855
36    20.0855
37    20.0855
38    20.0855
39    20.0855
40    20.0855
41    20.0855
42    20.0855
43    20.0855
44    20.0855
45    20.0855
46    20.0855
47    20.0855
48    20.0855
49    20.0855
50    20.0855
51    20.0855
52    20.0855
53    20.0855
54    20.0855
55    20.0855
56    20.0855
57    20.0855
58    20.0855
59    20.0855
60    20.0855
61    20.0855
62    20.0855
63    20.0855
64    20.0855
65    20.0855
66    20.0855
67    20.0855
68    20.0855
69    20.0855
70    20.0855
71    20.0855
72    20.0855
73    20.0855
74    20.0855
75    20.0855
76    20.0855
77    20.0855
78    20.0855
79    20.0855
80    20.0855
81    20.0855
82    20.0855
83    20.0855
84    20.0855
85    20.0855
86    20.0855
87    20.0855
88    20.0855
89    20.0855
90    20.0855
91    20.0855
92    20.0855
93    20.0855
94    20.0855
95    20.0855
96    20.0855
97    20.0855
98    20.0855
99    20.0855
100    20.0855
101    20.0855
102    20.0855
103    20.0855
104    20.0855
105    20.0855
106    20.0855
107    20.0855
108    20.0855
109    20.0855
110    20.0855
111    20.0855
112    20.0855
113    20.0855
114    20.0855
115    20.0855
116    20.0855
117    20.0855
118    20.0855
119    20.0855
120    20.0855
121    20.0855
122    20.0855
123    20.0855
124    20.0855
125    20.0855
126    20.0855
127    20.0855
