0    1.0000
1    3.7726
2    7.6162
3    11.1685
4    13.6307
5    14.9961
6    15.6270
7    15.8769
8    15.9635
9    15.9902
10    15.9976
11    15.9995
12    15.9999
13    16.0000
14    16.0000
15    16.0000
16    16.0000
17    16.0000
18    16.0000
19    16.0000
20    16.0000
21    16.0000
22    16.0000
23    16.0000
24    16.0000
25    16.0000
26    16.0000
27    16.0000
28    16.0000
29    16.0000
30    16.0000
31    16.0000
32    16.0000
33    16.0000
34    16.0000
35    16.0000
36    16.0000
37    16.0000
38    16.0000
39    16.0000
40    16.0000
41    16.0000
42    16.0000
43    16.0000
44    16.0000
45    16.0000
46    16.0000
47    16.0000
48    16.0000
49    16.0000
50    16.0000
51    16.0000
52    16.0000
53    16.0000
54    16.0000
55    16.0000
56    16.0000
57    16.0000
58    16.0000
59    16.0000
60    16.0000
61    16.0000
62    16.0000
63    16.0000
64    16.0000
65    16.0000
66    16.0000
67    16.0000
68    16.0000
69    16.0000
70    16.0000
71    16.0000
72    16.0000
73    16.0000
74    16.0000
75    16.0000
76    16.0000
77    16.0000
78    16.0000
79    16.0000
80    16.0000
81    16.0000
82    16.0000
83    16.0000
84    16.0000
85    16.0000
86    16.0000
87    16.0000
88    16.0000
89    16.0000
90    16.0000
91    16.0000
92    16.0000
93    16.0000
94    16.0000
95    16.0000
96    16.0000
97    16.0000
98    16.0000
99    16.0000
100    16.0000
101    16.0000
102    16.0000
103    16.0000
104    16.0000
105    16.0000
106    16.0000
107    16.0000
108    16.0000
109    16.0000
110    16.0000
111    16.0000
112    16.0000
113    16.0000
114    16.0000
115    16.0000
116    16.0000
117    16.0000
118    16.0000
119    16.0000
120    16.0000
121    16.0000
122    16.0000
123    16.0000
124    16.0000
125    16.0000
126    16.0000
127    16.0000
128    16.0000
