1     3.0000
2     12.0000
3     25.5000
4     39.0000
5     49.1250
6     55.2000
7     58.2375
8     59.5393
9     60.0275
10     60.1902
11     60.2390
12     60.2523
13     60.2556
14     60.2564
15     60.2566
16     60.2566
17     60.2566
18     60.2566
19     60.2566
20     60.2566
21     60.2566
22     60.2566
23     60.2566
24     60.2566
25     60.2566
26     60.2566
27     60.2566
28     60.2566
29     60.2566
30     60.2566
31     60.2566
32     60.2566
33     60.2566
34     60.2566
35     60.2566
36     60.2566
37     60.2566
38     60.2566
39     60.2566
40     60.2566
41     60.2566
42     60.2566
43     60.2566
44     60.2566
45     60.2566
46     60.2566
47     60.2566
48     60.2566
49     60.2566
50     60.2566
51     60.2566
52     60.2566
53     60.2566
54     60.2566
55     60.2566
56     60.2566
57     60.2566
58     60.2566
59     60.2566
60     60.2566
61     60.2566
62     60.2566
63     60.2566
64     60.2566
65     60.2566
66     60.2566
67     60.2566
68     60.2566
69     60.2566
70     60.2566
71     60.2566
72     60.2566
73     60.2566
74     60.2566
75     60.2566
76     60.2566
77     60.2566
78     60.2566
79     60.2566
80     60.2566
81     60.2566
82     60.2566
83     60.2566
84     60.2566
85     60.2566
86     60.2566
87     60.2566
88     60.2566
89     60.2566
90     60.2566
91     60.2566
92     60.2566
93     60.2566
94     60.2566
95     60.2566
96     60.2566
97     60.2566
98     60.2566
99     60.2566
100     60.2566
101     60.2566
102     60.2566
103     60.2566
104     60.2566
105     60.2566
106     60.2566
107     60.2566
108     60.2566
109     60.2566
110     60.2566
111     60.2566
112     60.2566
113     60.2566
114     60.2566
115     60.2566
116     60.2566
117     60.2566
118     60.2566
119     60.2566
120     60.2566
121     60.2566
122     60.2566
123     60.2566
124     60.2566
125     60.2566
126     60.2566
127     60.2566
