1    3.0000
2    21.0000
3    61.5000
4    115.5000
5    166.1250
6    202.5750
7    223.8375
8    234.2518
9    238.6453
10    240.2725
11    240.8095
12    240.9693
13    241.0126
14    241.0233
15    241.0258
16    241.0263
17    241.0264
18    241.0264
19    241.0264
20    241.0264
21    241.0264
22    241.0264
23    241.0264
24    241.0264
25    241.0264
26    241.0264
27    241.0264
28    241.0264
29    241.0264
30    241.0264
31    241.0264
32    241.0264
33    241.0264
34    241.0264
35    241.0264
36    241.0264
37    241.0264
38    241.0264
39    241.0264
40    241.0264
41    241.0264
42    241.0264
43    241.0264
44    241.0264
45    241.0264
46    241.0264
47    241.0264
48    241.0264
49    241.0264
50    241.0264
51    241.0264
52    241.0264
53    241.0264
54    241.0264
55    241.0264
56    241.0264
57    241.0264
58    241.0264
59    241.0264
60    241.0264
61    241.0264
62    241.0264
63    241.0264
64    241.0264
65    241.0264
66    241.0264
67    241.0264
68    241.0264
69    241.0264
70    241.0264
71    241.0264
72    241.0264
73    241.0264
74    241.0264
75    241.0264
76    241.0264
77    241.0264
78    241.0264
79    241.0264
80    241.0264
81    241.0264
82    241.0264
83    241.0264
84    241.0264
85    241.0264
86    241.0264
87    241.0264
88    241.0264
89    241.0264
90    241.0264
91    241.0264
92    241.0264
93    241.0264
94    241.0264
95    241.0264
96    241.0264
97    241.0264
98    241.0264
99    241.0264
100    241.0264
101    241.0264
102    241.0264
103    241.0264
104    241.0264
105    241.0264
106    241.0264
107    241.0264
108    241.0264
109    241.0264
110    241.0264
111    241.0264
112    241.0264
113    241.0264
114    241.0264
115    241.0264
116    241.0264
117    241.0264
118    241.0264
119    241.0264
120    241.0264
121    241.0264
122    241.0264
123    241.0264
124    241.0264
125    241.0264
126    241.0264
127    241.0264
128    241.0264
