0    1.000000
1    0.500000
2    0.833333
3    0.583333
4    0.783333
5    0.616667
6    0.759524
7    0.634524
8    0.745635
9    0.645635
10    0.736544
11    0.653211
12    0.730134
13    0.658705
14    0.725372
15    0.662872
16    0.721695
17    0.666140
18    0.718771
19    0.668771
20    0.716390
21    0.670936
22    0.714414
23    0.672747
24    0.712747
25    0.674286
26    0.711323
27    0.675609
28    0.710091
29    0.676758
30    0.709016
31    0.677766
32    0.708069
33    0.678657
34    0.707229
35    0.679451
36    0.706478
37    0.680162
38    0.705803
39    0.680803
40    0.705193
41    0.681384
42    0.704640
43    0.681912
44    0.704135
45    0.682396
46    0.703672
47    0.682839
48    0.703247
49    0.683247
50    0.702855
51    0.683624
52    0.702492
53    0.683973
54    0.702155
55    0.684298
56    0.701842
57    0.684601
58    0.701550
59    0.684883
60    0.701277
61    0.685148
62    0.701021
63    0.685396
64    0.700780
65    0.685629
66    0.700554
67    0.685848
68    0.700341
69    0.686055
70    0.700140
71    0.686251
72    0.699949
73    0.686436
74    0.699769
75    0.686611
76    0.699598
77    0.686778
78    0.699436
79    0.686936
80    0.699282
81    0.687087
82    0.699135
83    0.687230
84    0.698995
85    0.687367
86    0.698861
87    0.687497
88    0.698733
89    0.687622
90    0.698611
91    0.687742
92    0.698494
93    0.687856
94    0.698382
95    0.687966
96    0.698275
97    0.688071
98    0.698172
99    0.688172
100    0.698073
101    0.688269
102    0.697978
103    0.688362
104    0.697886
105    0.688452
106    0.697798
107    0.688539
108    0.697713
109    0.688622
110    0.697631
111    0.688702
112    0.697552
113    0.688780
114    0.697476
115    0.688855
116    0.697402
117    0.688927
118    0.697331
119    0.688998
120    0.697262
121    0.689065
122    0.697195
123    0.689131
124    0.697131
125    0.689194
126    0.697068
