0     0.5000
1     0.3750
2     0.4167
3     0.4010
4     0.4073
5     0.4047
6     0.4058
7     0.4053
8     0.4055
9     0.4054
10     0.4055
11     0.4055
12     0.4055
13     0.4055
14     0.4055
15     0.4055
16     0.4055
17     0.4055
18     0.4055
19     0.4055
20     0.4055
21     0.4055
22     0.4055
23     0.4055
24     0.4055
25     0.4055
26     0.4055
27     0.4055
28     0.4055
29     0.4055
30     0.4055
31     0.4055
32     0.4055
33     0.4055
34     0.4055
35     0.4055
36     0.4055
37     0.4055
38     0.4055
39     0.4055
40     0.4055
41     0.4055
42     0.4055
43     0.4055
44     0.4055
45     0.4055
46     0.4055
47     0.4055
48     0.4055
49     0.4055
50     0.4055
51     0.4055
52     0.4055
53     0.4055
54     0.4055
55     0.4055
56     0.4055
57     0.4055
58     0.4055
59     0.4055
60     0.4055
61     0.4055
62     0.4055
63     0.4055
64     0.4055
65     0.4055
66     0.4055
67     0.4055
68     0.4055
69     0.4055
70     0.4055
71     0.4055
72     0.4055
73     0.4055
74     0.4055
75     0.4055
76     0.4055
77     0.4055
78     0.4055
79     0.4055
80     0.4055
81     0.4055
82     0.4055
83     0.4055
84     0.4055
85     0.4055
86     0.4055
87     0.4055
88     0.4055
89     0.4055
90     0.4055
91     0.4055
92     0.4055
93     0.4055
94     0.4055
95     0.4055
96     0.4055
97     0.4055
98     0.4055
99     0.4055
100     0.4055
101     0.4055
102     0.4055
103     0.4055
104     0.4055
105     0.4055
106     0.4055
107     0.4055
108     0.4055
109     0.4055
110     0.4055
111     0.4055
112     0.4055
113     0.4055
114     0.4055
115     0.4055
116     0.4055
117     0.4055
118     0.4055
119     0.4055
120     0.4055
121     0.4055
122     0.4055
123     0.4055
124     0.4055
125     0.4055
126     0.4055
127     0.4055
