0    0.9833
1    1.4668
2    1.7837
3    2.0175
4    2.2014
5    2.3521
6    2.4791
7    2.5883
8    2.6838
9    2.7684
10    2.8439
11    2.9120
12    2.9739
13    3.0303
14    3.0821
15    3.1299
16    3.1741
17    3.2152
18    3.2534
19    3.2891
20    3.3226
21    3.3540
22    3.3835
23    3.4114
24    3.4376
25    3.4625
26    3.4860
27    3.5083
28    3.5295
29    3.5496
30    3.5688
31    3.5870
32    3.6044
33    3.6211
34    3.6369
35    3.6521
36    3.6666
37    3.6805
38    3.6938
39    3.7066
40    3.7188
41    3.7306
42    3.7419
43    3.7527
44    3.7631
45    3.7732
46    3.7828
47    3.7921
48    3.8011
49    3.8097
50    3.8180
51    3.8261
52    3.8338
53    3.8413
54    3.8485
55    3.8555
56    3.8622
57    3.8687
58    3.8750
59    3.8811
60    3.8869
61    3.8926
62    3.8981
63    3.9035
64    3.9086
65    3.9136
66    3.9185
67    3.9232
68    3.9277
69    3.9321
70    3.9364
71    3.9405
72    3.9445
73    3.9484
74    3.9522
75    3.9559
76    3.9594
77    3.9629
78    3.9662
79    3.9695
80    3.9727
81    3.9757
82    3.9787
83    3.9816
84    3.9844
85    3.9872
86    3.9898
87    3.9924
88    3.9950
89    3.9974
90    3.9998
91    4.0021
92    4.0044
93    4.0065
94    4.0087
95    4.0108
96    4.0128
97    4.0147
98    4.0167
99    4.0185
100    4.0203
101    4.0221
102    4.0238
103    4.0255
104    4.0271
105    4.0287
106    4.0303
107    4.0318
108    4.0332
109    4.0347
110    4.0361
111    4.0374
112    4.0387
113    4.0400
114    4.0413
115    4.0425
116    4.0437
117    4.0449
118    4.0460
119    4.0471
120    4.0482
121    4.0493
122    4.0503
123    4.0513
124    4.0523
125    4.0532
126    4.0542
127    4.0551
