0    1.8710
1    2.4167
2    2.7033
3    2.8825
4    3.0044
5    3.0917
6    3.1563
7    3.2054
8    3.2432
9    3.2729
10    3.2964
11    3.3151
12    3.3302
13    3.3425
14    3.3524
15    3.3606
16    3.3673
17    3.3728
18    3.3774
19    3.3812
20    3.3844
21    3.3870
22    3.3892
23    3.3911
24    3.3926
25    3.3940
26    3.3951
27    3.3960
28    3.3968
29    3.3974
30    3.3980
31    3.3985
32    3.3989
33    3.3992
34    3.3995
35    3.3997
36    3.4000
37    3.4001
38    3.4003
39    3.4004
40    3.4005
41    3.4006
42    3.4007
43    3.4008
44    3.4008
45    3.4009
46    3.4009
47    3.4010
48    3.4010
49    3.4010
50    3.4011
51    3.4011
52    3.4011
53    3.4011
54    3.4011
55    3.4011
56    3.4011
57    3.4011
58    3.4012
59    3.4012
60    3.4012
61    3.4012
62    3.4012
63    3.4012
64    3.4012
65    3.4012
66    3.4012
67    3.4012
68    3.4012
69    3.4012
70    3.4012
71    3.4012
72    3.4012
73    3.4012
74    3.4012
75    3.4012
76    3.4012
77    3.4012
78    3.4012
79    3.4012
80    3.4012
81    3.4012
82    3.4012
83    3.4012
84    3.4012
85    3.4012
86    3.4012
87    3.4012
88    3.4012
89    3.4012
90    3.4012
91    3.4012
92    3.4012
93    3.4012
94    3.4012
95    3.4012
96    3.4012
97    3.4012
98    3.4012
99    3.4012
100    3.4012
101    3.4012
102    3.4012
103    3.4012
104    3.4012
105    3.4012
106    3.4012
107    3.4012
108    3.4012
109    3.4012
110    3.4012
111    3.4012
112    3.4012
113    3.4012
114    3.4012
115    3.4012
116    3.4012
117    3.4012
118    3.4012
119    3.4012
120    3.4012
121    3.4012
122    3.4012
123    3.4012
124    3.4012
125    3.4012
126    3.4012
127    3.4012
128    3.4012
