1    1.6000
2    1.6900
3    1.6900
4    1.6900
5    1.6900
6    1.6900
7    1.6900
8    1.6900
9    1.6900
10    1.6900
11    1.6900
12    1.6900
13    1.6900
14    1.6900
15    1.6900
16    1.6900
17    1.6900
18    1.6900
19    1.6900
20    1.6900
21    1.6900
22    1.6900
23    1.6900
24    1.6900
25    1.6900
26    1.6900
27    1.6900
28    1.6900
29    1.6900
30    1.6900
31    1.6900
32    1.6900
33    1.6900
34    1.6900
35    1.6900
36    1.6900
37    1.6900
38    1.6900
39    1.6900
40    1.6900
41    1.6900
42    1.6900
43    1.6900
44    1.6900
45    1.6900
46    1.6900
47    1.6900
48    1.6900
49    1.6900
50    1.6900
51    1.6900
52    1.6900
53    1.6900
54    1.6900
55    1.6900
56    1.6900
57    1.6900
58    1.6900
59    1.6900
60    1.6900
61    1.6900
62    1.6900
63    1.6900
64    1.6900
65    1.6900
66    1.6900
67    1.6900
68    1.6900
69    1.6900
70    1.6900
71    1.6900
72    1.6900
73    1.6900
74    1.6900
75    1.6900
76    1.6900
77    1.6900
78    1.6900
79    1.6900
80    1.6900
81    1.6900
82    1.6900
83    1.6900
84    1.6900
85    1.6900
86    1.6900
87    1.6900
88    1.6900
89    1.6900
90    1.6900
91    1.6900
92    1.6900
93    1.6900
94    1.6900
95    1.6900
96    1.6900
97    1.6900
98    1.6900
99    1.6900
100    1.6900
101    1.6900
102    1.6900
103    1.6900
104    1.6900
105    1.6900
106    1.6900
107    1.6900
108    1.6900
109    1.6900
110    1.6900
111    1.6900
112    1.6900
113    1.6900
114    1.6900
115    1.6900
116    1.6900
117    1.6900
118    1.6900
119    1.6900
120    1.6900
121    1.6900
122    1.6900
123    1.6900
124    1.6900
125    1.6900
126    1.6900
127    1.6900
128    1.6900
129    1.6900
