0    1.570796
1    2.216760
2    2.296453
3    2.301135
4    2.301295
5    2.301299
6    2.301299
7    2.301299
8    2.301299
9    2.301299
10    2.301299
11    2.301299
12    2.301299
13    2.301299
14    2.301299
15    2.301299
16    2.301299
17    2.301299
18    2.301299
19    2.301299
20    2.301299
21    2.301299
22    2.301299
23    2.301299
24    2.301299
25    2.301299
26    2.301299
27    2.301299
28    2.301299
29    2.301299
30    2.301299
31    2.301299
32    2.301299
33    2.301299
34    2.301299
35    2.301299
36    2.301299
37    2.301299
38    2.301299
39    2.301299
40    2.301299
41    2.301299
42    2.301299
43    2.301299
44    2.301299
45    2.301299
46    2.301299
47    2.301299
48    2.301299
49    2.301299
50    2.301299
51    2.301299
52    2.301299
53    2.301299
54    2.301299
55    2.301299
56    2.301299
57    2.301299
58    2.301299
59    2.301299
60    2.301299
61    2.301299
62    2.301299
63    2.301299
64    2.301299
65    2.301299
66    2.301299
67    2.301299
68    2.301299
69    2.301299
70    2.301299
71    2.301299
72    2.301299
73    2.301299
74    2.301299
75    2.301299
76    2.301299
77    2.301299
78    2.301299
79    2.301299
80    2.301299
81    2.301299
82    2.301299
83    2.301299
84    2.301299
85    2.301299
86    2.301299
87    2.301299
88    2.301299
89    2.301299
90    2.301299
91    2.301299
92    2.301299
93    2.301299
94    2.301299
95    2.301299
96    2.301299
97    2.301299
98    2.301299
99    2.301299
100    2.301299
101    2.301299
102    2.301299
103    2.301299
104    2.301299
105    2.301299
106    2.301299
107    2.301299
108    2.301299
109    2.301299
110    2.301299
111    2.301299
112    2.301299
113    2.301299
114    2.301299
115    2.301299
116    2.301299
117    2.301299
118    2.301299
119    2.301299
120    2.301299
121    2.301299
122    2.301299
123    2.301299
124    2.301299
125    2.301299
126    2.301299
127    2.301299
128    2.301299
